0.4163 0.4181 0.4110 0.4163
0.0370 0.0373 0.0349 0.0370
0.2163 0.2185 0.2198 0.2163
0.0729 0.0750 0.0801 0.0729
0.0768 0.0765 0.0857 0.0768
0.0105 0.0104 0.0105 0.0105
0.2688 0.2657 0.2688 0.2688
0.2398 0.2394 0.2311 0.2398
0.0162 0.0155 0.0151 0.0162
0.2184 0.2238 0.2233 0.2184
0.3065 0.3065 0.3038 0.3065
0.0729 0.0739 0.0776 0.0729
0.0432 0.0437 0.0431 0.0432
0.4758 0.4758 0.4778 0.4758
0.6834 0.6838 0.6682 0.6834
0.3676 0.3936 0.4300 0.3676
0.0774 0.0774 0.0764 0.0774
0.4267 0.4264 0.4038 0.4267
0.2703 0.2703 0.2657 0.2703
0.0922 0.0968 0.0927 0.0922
0.0021 0.0021 0.0019 0.0021
0.1297 0.1370 0.1575 0.1297
0.3765 0.3783 0.3752 0.3765
0.2283 0.2292 0.2211 0.2283
0.1814 0.1793 0.1735 0.1814
0.0165 0.0137 0.0126 0.0165
0.3106 0.3113 0.3125 0.3106
0.0048 0.0047 0.0041 0.0048
0.0704 0.0704 0.0702 0.0704
0.1903 0.1909 0.1882 0.1903
0.0301 0.0303 0.0246 0.0301
0.5194 0.5199 0.5153 0.5194
0.0237 0.0235 0.0231 0.0237
0.1848 0.1840 0.1888 0.1848
0.2685 0.2648 0.2677 0.2685
0.0325 0.0326 0.0311 0.0325
0.1154 0.1153 0.1128 0.1154
0.0197 0.0188 0.0167 0.0197
0.0371 0.0380 0.0383 0.0371
0.0844 0.0824 0.0820 0.0844
0.0931 0.0940 0.0918 0.0931
0.4517 0.4517 0.4444 0.4517
0.0588 0.0586 0.0555 0.0588
0.0092 0.0084 0.0065 0.0092
0.1061 0.1061 0.1044 0.1061
0.2815 0.2734 0.2770 0.2815
0.4064 0.4059 0.4044 0.4064
0.0127 0.0115 0.0113 0.0127
0.1010 0.1012 0.0955 0.1010
0.3710 0.3728 0.3651 0.3710
